<?xml version="1.0" encoding="utf-8"?>
<floor_1>
  <room id="1" name="squareLarge12x13" x="33" y="38" width="12" height="13" image="dungeontiles-blue">
    <data>26,24,24,24,24,24,24,24,24,30,27,13,16,16,16,13,16,16,14,27,26,24,32,5,6,4,6,4,5,4,3,27,27,14,17,6,3,3,1,1,5,3,2,27,27,1,1,4,3,5,6,2,1,1,6,27,27,3,1,4,4,26,24,30,3,4,3,27,27,3,1,4,4,27,12,27,3,4,2,27,27,6,2,2,6,28,24,32,3,1,2,27,27,2,5,6,4,15,16,17,1,6,2,27,27,4,6,4,2,5,2,6,4,6,3,27,27,2,3,4,2,4,1,4,1,4,1,27,28,24,24,24,24,24,24,24,24,24,24,32,15,16,13,12,12,14,12,12,16,14,13,17,</data>
  </room>
  <room id="2" name="square14x10" x="34" y="29" width="14" height="10" image="dungeontiles-blue">
    <data>26,24,24,24,24,24,24,24,24,24,24,24,24,30,27,13,16,14,13,16,12,12,16,13,16,16,14,27,27,3,1,4,6,4,6,6,4,6,4,5,4,27,27,6,2,2,3,3,3,3,3,3,3,5,3,27,27,1,4,3,3,2,3,3,2,3,2,1,1,27,27,3,1,4,4,4,4,4,4,4,4,3,4,27,27,6,2,2,6,5,6,4,5,6,5,1,1,27,27,2,5,6,4,1,4,1,1,4,1,1,5,27,28,24,24,24,24,24,24,24,24,24,24,24,24,32,15,16,16,13,16,16,16,16,16,16,16,13,14,17,</data>
  </room>
  <room id="3" name="square14x11" x="19" y="40" width="14" height="11" image="dungeontiles-blue">
    <data>26,24,24,24,24,24,24,24,30,26,24,32,13,16,14,16,16,16,14,28,24,24,30,27,14,17,3,4,2,5,2,3,5,15,16,14,27,27,6,5,6,3,3,2,3,6,3,4,3,2,27,27,4,6,5,6,41,42,42,43,2,3,1,4,27,27,5,5,1,4,35,36,36,37,3,2,6,4,27,27,4,3,1,6,45,46,46,47,1,1,2,1,27,28,24,30,3,5,4,6,4,5,5,2,4,2,27,15,14,27,3,5,4,5,2,6,5,3,6,26,32,28,24,24,24,24,24,24,24,24,24,32,17,15,16,14,16,16,16,13,16,16,16,17,</data>
  </room>
  <room id="4" name="LShaped11x11" x="22" y="50" width="11" height="11" image="dungeontiles-blue">
    <data>26,24,24,24,24,30,27,13,16,16,14,27,27,6,4,5,4,27,27,3,3,5,3,28,24,24,24,24,30,27,3,2,1,1,15,16,12,16,13,27,27,4,4,3,4,5,4,3,4,6,27,27,6,5,1,1,1,2,5,4,1,27,27,4,1,1,5,5,5,6,2,2,27,27,3,2,6,5,2,3,3,1,2,27,28,24,24,24,24,24,24,24,24,24,32,13,14,17,</data>
  </room>
  <room id="5" name="square11x10" x="34" y="20" width="11" height="10" image="dungeontiles-blue">
    <data>26,24,24,24,24,24,24,24,24,24,30,27,14,13,16,16,16,13,16,16,14,27,27,3,2,3,1,4,6,4,5,4,27,27,6,1,6,2,2,3,3,5,3,27,27,1,6,3,4,3,3,2,1,1,27,27,3,3,3,1,4,4,4,3,4,27,27,3,1,2,1,4,4,4,3,4,27,27,2,5,1,1,2,6,1,1,5,27,28,24,24,24,24,24,24,24,24,24,32,15,16,14,13,16,14,13,16,16,16,17,</data>
  </room>
  <room id="6" name="wall12x12" x="35" y="9" width="12" height="12" image="dungeontiles-blue">
    <data>26,24,24,24,24,24,24,24,24,24,24,30,27,13,12,16,16,12,13,16,13,16,14,27,27,3,4,6,5,1,5,6,6,4,5,27,27,6,6,4,1,3,2,4,2,3,5,27,27,1,4,5,6,6,3,6,1,4,5,27,27,1,4,4,23,24,24,25,3,3,5,27,27,3,3,5,15,16,16,17,4,2,1,27,27,6,3,3,1,2,6,3,6,4,3,27,27,3,1,2,1,2,4,4,4,4,3,27,27,6,2,2,2,2,2,5,6,6,1,27,28,24,24,24,24,24,24,24,24,24,24,32,15,12,14,16,14,16,16,16,12,14,12,17,</data>
  </room>
  <room id="7" name="square11x10" x="24" y="9" width="11" height="10" image="dungeontiles-blue">
    <data>26,24,24,24,24,24,24,24,24,24,30,27,14,13,16,16,16,13,16,16,14,27,27,3,2,3,1,4,6,4,5,4,27,27,6,1,6,2,2,3,3,5,3,27,27,1,6,3,4,3,3,2,1,1,27,27,3,3,3,1,4,4,4,3,4,27,27,3,1,2,1,4,4,4,3,4,27,27,2,5,1,1,2,6,1,1,5,27,28,24,24,24,24,24,24,24,24,24,32,15,16,14,13,16,14,13,16,16,16,17,</data>
  </room>
  <room id="8" name="squareLarge12x13" x="34" y="50" width="12" height="13" image="dungeontiles-blue">
    <data>26,24,24,24,24,24,24,24,24,30,27,13,16,16,16,13,16,16,14,27,26,24,32,5,6,4,6,4,5,4,3,27,27,14,17,6,3,3,1,1,5,3,2,27,27,1,1,4,3,5,6,2,1,1,6,27,27,3,1,4,4,26,24,30,3,4,3,27,27,3,1,4,4,27,12,27,3,4,2,27,27,6,2,2,6,28,24,32,3,1,2,27,27,2,5,6,4,15,16,17,1,6,2,27,27,4,6,4,2,5,2,6,4,6,3,27,27,2,3,4,2,4,1,4,1,4,1,27,28,24,24,24,24,24,24,24,24,24,24,32,15,17,</data>
  </room>
  <room id="9" name="square11x10" x="23" y="29" width="11" height="10" image="dungeontiles-blue">
    <data>26,24,24,24,24,24,24,24,24,24,30,27,14,13,16,16,16,13,16,16,14,27,27,3,2,3,1,4,6,4,5,4,27,27,6,1,6,2,2,3,3,5,3,27,27,1,6,3,4,3,3,2,1,1,27,27,3,3,3,1,4,4,4,3,4,27,27,3,1,2,1,4,4,4,3,4,27,27,2,5,1,1,2,6,1,1,5,27,28,24,24,24,24,24,24,24,24,24,32,15,16,14,13,16,14,13,16,16,16,17,</data>
  </room>
  <room id="10" name="squareLarge12x13" x="46" y="48" width="12" height="13" image="dungeontiles-blue">
    <data>26,24,24,24,24,24,24,24,24,30,27,13,16,16,16,13,16,16,14,27,26,24,32,5,6,4,6,4,5,4,3,27,27,14,17,6,3,3,1,1,5,3,2,27,27,1,1,4,3,5,6,2,1,1,6,27,27,3,1,4,4,26,24,30,3,4,3,27,27,3,1,4,4,27,12,27,3,4,2,27,27,6,2,2,6,28,24,32,3,1,2,27,27,2,5,6,4,15,16,17,1,6,2,27,27,4,6,4,2,5,2,6,4,6,3,27,27,2,3,4,2,4,1,4,1,4,1,27,28,24,24,24,24,24,24,24,24,24,24,32,15,16,13,12,12,14,12,12,16,14,13,17,</data>
  </room>
  <room id="11" name="square14x11" x="34" y="62" width="14" height="11" image="dungeontiles-blue">
    <data>26,24,24,24,24,24,24,24,30,26,24,32,13,16,14,16,16,16,14,28,24,24,30,27,14,17,3,4,2,5,2,3,5,15,16,14,27,27,6,5,6,3,3,2,3,6,3,4,3,2,27,27,4,6,5,6,41,42,42,43,2,3,1,4,27,27,5,5,1,4,35,36,36,37,3,2,6,4,27,27,4,3,1,6,45,46,46,47,1,1,2,1,27,28,24,30,3,5,4,6,4,5,5,2,4,2,27,15,14,27,3,5,4,5,2,6,5,3,6,26,32,28,24,24,24,24,24,24,24,24,24,32,17,17,</data>
  </room>
  <room id="12" name="water10x11" x="34" y="72" width="10" height="11" image="dungeontiles-blue">
    <data>26,24,24,24,24,24,24,24,24,30,27,13,12,14,14,12,16,16,14,27,27,3,4,6,5,1,5,4,5,27,27,6,6,4,1,3,2,3,5,27,27,1,4,41,42,42,43,4,5,27,27,1,4,35,36,36,37,3,5,27,27,6,3,45,46,46,47,4,3,27,27,3,1,2,1,2,4,4,3,27,27,6,2,2,2,2,2,6,1,27,28,24,24,24,24,24,24,24,24,32,15,16,</data>
  </room>
  <room id="13" name="squareLarge12x13" x="48" y="36" width="12" height="13" image="dungeontiles-blue">
    <data>26,24,24,24,24,24,24,24,24,30,27,13,16,16,16,13,16,16,14,27,26,24,32,5,6,4,6,4,5,4,3,27,27,14,17,6,3,3,1,1,5,3,2,27,27,1,1,4,3,5,6,2,1,1,6,27,27,3,1,4,4,26,24,30,3,4,3,27,27,3,1,4,4,27,12,27,3,4,2,27,27,6,2,2,6,28,24,32,3,1,2,27,27,2,5,6,4,15,16,17,1,6,2,27,27,4,6,4,2,5,2,6,4,6,3,27,27,2,3,4,2,4,1,4,1,4,1,27,28,24,24,24,24,24,24,24,24,24,24,32,15,16,13,12,12,14,12,12,16,14,13,17,</data>
  </room>
  <room id="14" name="square8x8" x="26" y="2" width="8" height="8" image="dungeontiles-blue">
    <data>26,24,24,24,24,24,24,30,27,13,16,14,16,16,14,27,27,3,1,4,4,5,4,27,27,6,5,6,5,1,1,27,27,6,1,4,1,1,5,27,27,3,3,5,4,1,1,27,28,24,24,24,24,24,24,32,15,16,16,16,16,13,14,17,</data>
  </room>
  <room id="15" name="wall10x12" x="47" y="9" width="10" height="12" image="dungeontiles-blue">
    <data>26,24,24,24,24,24,24,24,24,30,27,13,12,14,14,12,16,16,14,27,27,3,4,6,5,1,5,4,5,27,27,6,6,4,1,3,2,3,5,27,27,1,4,22,6,6,22,4,5,27,27,1,4,27,2,3,27,3,5,27,27,3,3,21,5,6,21,2,1,27,27,6,3,11,1,2,11,4,3,27,27,3,1,2,1,2,4,4,3,27,27,6,2,2,2,2,2,6,1,27,28,24,24,24,24,24,24,24,24,32,15,16,12,14,14,14,12,14,12,17,</data>
  </room>
  <room id="16" name="boss" x="12" y="27" width="11" height="14" image="dungeontiles-blue">
    <data>26,24,24,24,24,24,24,24,30,26,32,13,16,14,16,16,16,14,28,30,27,17,3,4,2,5,2,3,4,15,27,27,5,6,3,3,2,3,6,3,2,27,27,6,5,41,43,1,1,1,1,4,27,27,3,3,45,47,5,3,4,4,6,27,27,4,5,6,5,1,41,43,3,6,27,27,4,4,6,4,6,45,47,4,6,27,27,2,4,41,43,5,1,5,5,4,27,27,5,1,45,47,3,4,1,6,4,27,27,3,3,5,4,6,4,5,4,2,27,28,30,3,5,4,5,2,6,6,26,32,15,28,24,24,24,24,24,24,24,32,17,15,16,14,16,16,16,13,16,17,</data>
  </room>
  <room id="17" name="shopkeeper" x="49" y="20" width="7" height="9" image="dungeontiles-blue">
    <data>26,24,24,24,24,24,30,27,13,16,13,16,14,27,27,3,1,4,5,4,27,27,6,2,3,5,3,27,27,1,4,2,1,1,27,27,3,1,4,3,4,27,27,2,5,1,1,5,27,28,24,24,24,24,24,32,</data>
  </room>
  <room id="18" name="secret11x11" x="23" y="73" width="11" height="11" image="dungeontiles-blue">
    <data>26,24,24,24,24,24,24,24,24,24,30,27,13,16,14,13,16,13,16,16,14,27,27,3,1,4,6,4,6,4,5,4,27,27,6,2,2,3,3,3,3,5,3,27,27,1,4,3,3,2,3,2,1,1,27,27,3,1,4,4,4,4,4,3,4,27,27,3,1,4,4,4,4,4,3,4,27,27,6,2,2,6,5,6,5,1,1,27,27,2,5,6,4,1,4,1,1,5,27,28,24,24,24,24,24,24,24,24,24,32,15,16,16,13,16,16,16,16,13,14,17,</data>
  </room>
</floor_1>