<?xml version="1.0" encoding="utf-8"?>
<interactive>
  <room id="1" name="square14x11" x="31" y="39" width="14" height="11">
    <floorData>34|48,35|48,36|48,37|48,38|48,39|48,40|48,32|47,33|47,34|47,35|47,36|47,37|47,38|47,39|47,40|47,41|47,42|47,43|47,32|46,33|46,34|46,35|46,40|46,41|46,42|46,43|46,32|45,33|45,34|45,35|45,40|45,41|45,42|45,43|45,32|44,33|44,34|44,35|44,40|44,41|44,42|44,43|44,34|43,35|43,36|43,37|43,38|43,39|43,40|43,41|43,42|43,43|43,34|42,35|42,36|42,37|42,38|42,39|42,40|42,41|42,42|42,36|49,</floorData>
    <door>40|41,36|50,</door>
  </room>
  <room id="2" name="squareLarge16x16" x="32" y="24" width="16" height="16">
    <floorData>35|38,36|38,37|38,38|38,39|38,40|38,41|38,42|38,43|38,44|38,35|37,36|37,37|37,38|37,39|37,40|37,41|37,42|37,43|37,44|37,33|36,34|36,35|36,36|36,37|36,38|36,39|36,40|36,41|36,42|36,43|36,44|36,45|36,46|36,33|35,34|35,35|35,36|35,37|35,38|35,39|35,40|35,41|35,42|35,43|35,44|35,45|35,46|35,33|34,34|34,35|34,36|34,37|34,42|34,43|34,44|34,45|34,46|34,33|33,34|33,35|33,36|33,37|33,42|33,43|33,44|33,45|33,46|33,33|32,34|32,35|32,36|32,37|32,42|32,43|32,44|32,45|32,46|32,33|31,34|31,35|31,36|31,37|31,42|31,43|31,44|31,45|31,46|31,33|30,34|30,35|30,36|30,37|30,38|30,39|30,40|30,41|30,42|30,43|30,44|30,45|30,46|30,33|29,34|29,35|29,36|29,37|29,38|29,39|29,40|29,41|29,42|29,43|29,44|29,45|29,46|29,35|28,36|28,37|28,38|28,39|28,40|28,41|28,42|28,43|28,44|28,35|27,36|27,37|27,38|27,39|27,40|27,41|27,42|27,43|27,44|27,40|40,40|39,</floorData>
    <door>42|26,47|33,32|34,</door>
  </room>
  <room id="3" name="square11x10" x="36" y="15" width="11" height="10">
    <floorData>37|23,38|23,39|23,40|23,41|23,42|23,43|23,44|23,45|23,37|22,38|22,39|22,40|22,41|22,42|22,43|22,44|22,45|22,37|21,38|21,39|21,40|21,41|21,42|21,43|21,44|21,45|21,37|20,38|20,39|20,40|20,41|20,42|20,43|20,44|20,45|20,37|19,38|19,39|19,40|19,41|19,42|19,43|19,44|19,45|19,37|18,38|18,39|18,40|18,41|18,42|18,43|18,44|18,45|18,42|25,42|24,</floorData>
  </room>
  <room id="4" name="square8x16" x="48" y="25" width="8" height="16">
    <objectGroup name="obj">
      <object name="carpet" x="2" y="5" type="rect" width="2" height="2" />
      <object name="treasureRandom" x="3" y="5" type="point" />
      <object name="treasureRandom" x="4" y="9" type="point" />
    </objectGroup>
    <floorData>49|39,50|39,51|39,52|39,53|39,54|39,49|38,50|38,51|38,52|38,53|38,54|38,49|37,50|37,51|37,52|37,53|37,54|37,49|36,50|36,51|36,54|36,49|35,50|35,51|35,54|35,49|34,50|34,51|34,52|34,53|34,54|34,49|33,50|33,51|33,52|33,53|33,54|33,49|32,50|32,51|32,52|32,53|32,54|32,49|31,50|31,53|31,54|31,49|30,50|30,53|30,54|30,49|29,50|29,51|29,52|29,53|29,54|29,49|28,50|28,51|28,52|28,53|28,54|28,48|33,52|40,</floorData>
    <door>52|41,55|32,52|27,</door>
  </room>
  <room id="5" name="water10x11" x="47" y="40" width="10" height="11">
    <floorData>48|49,49|49,50|49,51|49,52|49,53|49,54|49,55|49,48|48,49|48,50|48,51|48,52|48,53|48,54|48,55|48,48|47,49|47,54|47,55|47,48|46,49|46,54|46,55|46,48|45,49|45,54|45,55|45,48|44,49|44,50|44,51|44,52|44,53|44,54|44,55|44,48|43,49|43,50|43,51|43,52|43,53|43,54|43,55|43,52|42,</floorData>
    <door>56|45,</door>
  </room>
  <room id="6" name="square8x16" x="57" y="37" width="8" height="16">
    <objectGroup name="obj">
      <object name="carpet" x="2" y="5" type="rect" width="2" height="2" />
      <object name="treasureRandom" x="3" y="5" type="point" />
      <object name="treasureRandom" x="4" y="9" type="point" />
    </objectGroup>
    <floorData>58|51,59|51,60|51,61|51,62|51,63|51,58|50,59|50,60|50,61|50,62|50,63|50,58|49,59|49,60|49,61|49,62|49,63|49,58|48,59|48,60|48,63|48,58|47,59|47,60|47,63|47,58|46,59|46,60|46,61|46,62|46,63|46,58|45,59|45,60|45,61|45,62|45,63|45,58|44,59|44,60|44,61|44,62|44,63|44,58|43,59|43,62|43,63|43,58|42,59|42,62|42,63|42,58|41,59|41,60|41,61|41,62|41,63|41,58|40,59|40,60|40,61|40,62|40,63|40,57|45,</floorData>
    <door>64|45,</door>
  </room>
  <room id="7" name="wall10x12" x="56" y="26" width="10" height="12">
    <floorData>57|36,58|36,59|36,60|36,61|36,62|36,63|36,64|36,57|35,58|35,59|35,60|35,61|35,62|35,63|35,64|35,57|34,58|34,60|34,61|34,63|34,64|34,57|33,58|33,60|33,61|33,63|33,64|33,57|32,58|32,60|32,61|32,63|32,64|32,57|31,58|31,60|31,61|31,63|31,64|31,57|30,58|30,59|30,60|30,61|30,62|30,63|30,64|30,57|29,58|29,59|29,60|29,61|29,62|29,63|29,64|29,56|32,</floorData>
  </room>
  <room id="8" name="water10x12" x="47" y="14" width="10" height="12">
    <floorData>48|24,49|24,50|24,51|24,52|24,53|24,54|24,55|24,48|23,49|23,50|23,51|23,52|23,53|23,54|23,55|23,48|22,49|22,54|22,55|22,48|21,49|21,50|21,51|21,52|21,53|21,54|21,55|21,48|20,49|20,50|20,51|20,52|20,53|20,54|20,55|20,48|19,49|19,54|19,55|19,48|18,49|18,50|18,51|18,52|18,53|18,54|18,55|18,48|17,49|17,50|17,51|17,52|17,53|17,54|17,55|17,52|26,52|25,</floorData>
    <door>56|21,51|16,</door>
  </room>
  <room id="9" name="water10x11" x="57" y="15" width="10" height="11">
    <floorData>58|24,59|24,60|24,61|24,62|24,63|24,64|24,65|24,58|23,59|23,60|23,61|23,62|23,63|23,64|23,65|23,58|22,59|22,64|22,65|22,58|21,59|21,64|21,65|21,58|20,59|20,64|20,65|20,58|19,59|19,60|19,61|19,62|19,63|19,64|19,65|19,58|18,59|18,60|18,61|18,62|18,63|18,64|18,65|18,57|21,</floorData>
    <door>63|17,</door>
  </room>
  <room id="10" name="square14x10" x="18" y="29" width="14" height="10">
    <objectGroup name="obj">
      <object name="carpet" x="5" y="4" type="rect" width="4" height="2" />
      <object name="candles" x="4" y="4" type="point" />
      <object name="candles" x="9" y="4" type="point" />
    </objectGroup>
    <floorData>19|37,20|37,21|37,22|37,23|37,24|37,25|37,26|37,27|37,28|37,29|37,30|37,19|36,20|36,21|36,22|36,23|36,24|36,25|36,26|36,27|36,28|36,29|36,30|36,19|35,20|35,21|35,22|35,23|35,24|35,25|35,26|35,27|35,28|35,29|35,30|35,19|34,20|34,21|34,22|34,23|34,24|34,25|34,26|34,27|34,28|34,29|34,30|34,19|33,20|33,21|33,22|33,23|33,24|33,25|33,26|33,27|33,28|33,29|33,30|33,19|32,20|32,21|32,22|32,23|32,24|32,25|32,26|32,27|32,28|32,29|32,30|32,31|34,</floorData>
    <door>25|31,</door>
  </room>
  <room id="11" name="square14x11" x="18" y="19" width="14" height="11">
    <floorData>21|28,22|28,23|28,24|28,25|28,26|28,27|28,19|27,20|27,21|27,22|27,23|27,24|27,25|27,26|27,27|27,28|27,29|27,30|27,19|26,20|26,21|26,22|26,27|26,28|26,29|26,30|26,19|25,20|25,21|25,22|25,27|25,28|25,29|25,30|25,19|24,20|24,21|24,22|24,27|24,28|24,29|24,30|24,21|23,22|23,23|23,24|23,25|23,26|23,27|23,28|23,29|23,30|23,21|22,22|22,23|22,24|22,25|22,26|22,27|22,28|22,29|22,25|30,25|29,</floorData>
    <door>18|26,27|21,</door>
  </room>
  <room id="12" name="square8x8" x="10" y="22" width="8" height="8">
    <floorData>11|28,12|28,13|28,14|28,15|28,16|28,11|27,12|27,13|27,14|27,15|27,16|27,11|26,12|26,13|26,14|26,15|26,16|26,11|25,12|25,13|25,14|25,15|25,16|25,17|26,</floorData>
  </room>
  <room id="13" name="square8x8" x="23" y="12" width="8" height="8">
    <floorData>24|18,25|18,26|18,27|18,28|18,29|18,24|17,25|17,26|17,27|17,28|17,29|17,24|16,25|16,26|16,27|16,28|16,29|16,24|15,25|15,26|15,27|15,28|15,29|15,27|20,27|19,</floorData>
  </room>
  <room id="14" name="square14x11" x="65" y="39" width="14" height="11">
    <floorData>68|48,69|48,70|48,71|48,72|48,73|48,74|48,66|47,67|47,68|47,69|47,70|47,71|47,72|47,73|47,74|47,75|47,76|47,77|47,66|46,67|46,68|46,69|46,74|46,75|46,76|46,77|46,66|45,67|45,68|45,69|45,74|45,75|45,76|45,77|45,66|44,67|44,68|44,69|44,74|44,75|44,76|44,77|44,68|43,69|43,70|43,71|43,72|43,73|43,74|43,75|43,76|43,77|43,68|42,69|42,70|42,71|42,72|42,73|42,74|42,75|42,76|42,65|45,</floorData>
    <door>78|45,</door>
  </room>
  <room id="15" name="LShaped11x11" x="32" y="49" width="11" height="11">
    <floorData>33|58,34|58,35|58,36|58,33|57,34|57,35|57,36|57,33|56,34|56,35|56,36|56,33|55,34|55,35|55,36|55,37|55,38|55,39|55,40|55,41|55,33|54,34|54,35|54,36|54,37|54,38|54,39|54,40|54,41|54,33|53,34|53,35|53,36|53,37|53,38|53,39|53,40|53,41|53,33|52,34|52,35|52,36|52,37|52,38|52,39|52,40|52,41|52,36|51,</floorData>
  </room>
  <room id="16" name="boss3" x="47" y="3" width="7" height="12">
    <objectGroup name="obj">
      <object name="candles" x="2" y="3" type="point" />
      <object name="candles" x="4" y="3" type="point" />
      <object name="carpet" x="2" y="4" type="rect" width="3" height="2" />
      <object name="carpet" x="2" y="6" type="rect" width="3" height="2" />
      <object name="boss" x="3" y="6" type="point" />
    </objectGroup>
    <floorData>48|13,49|13,50|13,51|13,52|13,48|12,49|12,50|12,51|12,52|12,48|11,49|11,50|11,51|11,52|11,48|10,49|10,50|10,51|10,52|10,48|9,49|9,50|9,51|9,52|9,48|8,49|8,50|8,51|8,52|8,48|7,49|7,50|7,51|7,52|7,48|6,49|6,50|6,51|6,52|6,51|15,51|14,</floorData>
  </room>
  <room id="17" name="shopkeeper" x="59" y="7" width="7" height="9">
    <objectGroup name="obj">
      <object name="carpet" x="2" y="3" type="rect" width="3" height="2" />
      <object name="shop" x="3" y="3" type="point" />
      <object name="candles" x="2" y="3" type="point" />
      <object name="candles" x="4" y="3" type="point" />
    </objectGroup>
    <floorData>60|14,61|14,62|14,63|14,64|14,60|13,61|13,62|13,63|13,64|13,60|12,61|12,62|12,63|12,64|12,60|11,61|11,62|11,63|11,64|11,60|10,61|10,62|10,63|10,64|10,63|16,63|15,</floorData>
  </room>
  <room id="18" name="secret9x11" x="79" y="39" width="9" height="11">
    <objectGroup name="obj">
      <object name="carpet" x="3" y="4" type="rect" width="3" height="3" />
      <object name="treasureRare" x="6" y="4" type="point" />
      <object name="treasureRare" x="6" y="5" type="point" />
      <object name="treasureRandom" x="6" y="6" type="point" />
      <object name="Hp" x="2" y="4" type="point" />
      <object name="treasureRandom" x="2" y="6" type="point" />
    </objectGroup>
    <floorData>80|48,81|48,82|48,83|48,84|48,85|48,86|48,80|47,81|47,82|47,83|47,84|47,85|47,86|47,80|46,81|46,82|46,83|46,84|46,85|46,86|46,80|45,81|45,82|45,83|45,84|45,85|45,86|45,80|44,81|44,82|44,83|44,84|44,85|44,86|44,80|43,81|43,82|43,83|43,84|43,85|43,86|43,80|42,81|42,82|42,83|42,84|42,85|42,86|42,79|45,</floorData>
  </room>
</interactive>