<?xml version="1.0" encoding="UTF-8"?>
<level>
  <grid name="dungeontiles-blue" width="80" height="80">
    <room name="MiddleRoom1" id="0" width="8" height="14" x="40" y="40" dirX="0" dirY="0">
      <baseFloor encoding="csv">
26,24,24,24,24,24,24,30,
27,14,16,16,16,16,13,27,
27,10,1,2,1,3,8,27,
27,10,4,6,5,4,5,27,
27,5,9,6,6,4,10,27,
27,4,4,4,4,3,2,27,
27,3,10,2,5,6,1,27,
27,4,2,3,2,6,6,27,
27,5,10,5,6,4,5,27,
27,3,7,1,9,6,4,27,
27,3,1,5,3,1,5,27,
27,5,6,4,7,6,4,27,
28,25,5,23,24,24,24,32,
0,0,0,0,0,0,0,0,</baseFloor>
      <data encoding="csv">
********
*######*
*......*
*......*
*......*
*......*
*......*
*......*
*......*
*......*
*......*
*......*
**+*****
########</data>
      <items>1,0,0,1111|1,1,0,1111|1,2,0,1111|1,3,0,1111|1,4,0,1111|1,5,0,1111|1,6,0,1111|1,0,1,1111|1,0,2,1111|1,0,3,1111|1,0,4,1111|1,0,5,1111|1,0,6,1111|1,0,7,1111|1,0,8,1111|1,0,9,1111|1,5,9,1111|1,0,10,1111|1,0,11,1111|1,1,11,1111|1,2,11,1111|1,3,11,1111|1,4,11,1111|1,5,11,1111|1,6,11,1111|</items>
    </room>
    <room name="BigRoom1" id="1" width="18" height="12" x="33" y="29" dirX="0" dirY="-1">
      <baseFloor encoding="csv">
26,24,24,24,24,24,24,24,25,6,23,24,24,24,24,24,24,30,
27,14,12,12,13,12,14,12,17,2,15,13,13,14,13,14,13,27,
27,2,3,3,4,5,2,1,10,5,3,2,1,4,1,6,2,27,
27,6,2,10,2,3,1,6,6,6,2,4,1,6,2,9,4,21,
27,10,7,9,10,1,2,3,5,5,6,8,5,4,2,6,6,11,
27,5,18,44,44,3,23,24,24,24,24,24,25,3,1,8,5,4,
27,5,5,1,10,3,15,16,16,16,16,16,17,4,6,1,6,22,
27,6,4,6,2,3,5,10,3,1,2,10,5,3,5,2,3,27,
27,6,4,6,2,6,8,2,1,3,3,1,2,10,4,1,9,27,
27,1,6,3,2,5,1,2,3,8,4,5,10,10,2,2,1,27,
28,24,24,24,24,24,24,24,24,24,24,24,24,24,24,24,24,32,
15,16,13,12,16,14,12,12,12,14,12,12,13,12,14,16,13,17,</baseFloor>
      <data encoding="csv">
*********.********
*########.#######*
*................*
*................*
*................*
*..~~.#######....+
*.....#######....*
*................*
*................*
*................*
******************
##################</data>
      <items>2,0,0,1111|2,1,0,1111|2,2,0,1111|2,3,0,1111|2,4,0,1111|2,5,0,1111|2,6,0,1111|2,7,0,1111|2,8,0,1111|2,9,0,1111|2,10,0,1111|2,11,0,1111|2,12,0,1111|2,13,0,1111|2,14,0,1111|2,15,0,1111|2,16,0,1111|2,0,1,1111|2,0,2,1111|2,0,3,1111|2,0,4,1111|2,6,4,1111|2,7,4,1111|2,8,4,1111|2,9,4,1111|2,10,4,1111|2,11,4,1111|2,12,4,1111|2,0,5,1111|2,3,5,1111|2,4,5,1111|2,6,5,1111|2,7,5,1111|2,8,5,1111|2,9,5,1111|2,10,5,1111|2,11,5,1111|2,12,5,1111|2,0,6,1111|2,0,7,1111|2,0,8,1111|2,0,9,1111|2,1,9,1111|2,2,9,1111|2,3,9,1111|2,4,9,1111|2,5,9,1111|2,6,9,1111|2,7,9,1111|2,8,9,1111|2,10,9,1111|2,11,9,1111|2,12,9,1111|2,13,9,1111|2,14,9,1111|2,15,9,1111|2,16,9,1111|</items>
    </room>
    <room name="SmallRoom" id="2" width="10" height="10" x="51" y="32" dirX="1" dirY="0">
      <baseFloor encoding="csv">
26,24,24,24,24,24,24,24,24,30,
27,13,16,16,16,16,14,12,14,27,
27,3,5,5,2,1,3,2,6,27,
27,4,2,44,5,3,6,5,9,27,
21,2,1,10,44,9,8,8,6,27,
11,1,4,6,3,1,4,4,7,27,
2,2,6,6,1,2,6,2,2,27,
22,1,5,6,10,2,3,6,2,27,
28,24,24,24,24,24,24,24,24,32,
15,16,16,16,13,16,16,16,14,17,</baseFloor>
      <data encoding="csv">
**********
*########*
*........*
*..~.....*
*...~....*
*........*
.........*
*........*
**********
##########</data>
      <items>3,0,0,1111|3,1,0,1111|3,2,0,1111|3,3,0,1111|3,4,0,1111|3,5,0,1111|3,6,0,1111|3,7,0,1111|3,8,0,1111|3,0,1,1111|3,0,3,1111|3,0,4,1111|3,4,4,1111|3,0,5,1111|3,3,5,1111|3,0,6,1111|3,0,7,1111|3,1,7,1111|3,2,7,1111|3,3,7,1111|3,4,7,1111|3,5,7,1111|3,6,7,1111|3,7,7,1111|3,8,7,1111|</items>
    </room>
  </grid>
</level>